19.983287 73.779927
19.988746 73.783553
19.981218 73.7773411
19.988746 73.783553
19.981218 73.7773411
19.9826409 73.7780119
19.9854309 73.7793215
19.981218 73.7773411
19.9826409 73.7780119
19.9854309 73.7793215
19.9819779 73.7766659
19.981218 73.7773411
19.972921 73.755122
19.981218 73.7773411
19.981218 73.7773411
19.9779859 73.7745219
20.0180868 73.7549208
20.0180868 73.7549208
19.981218 73.7773411
19.9654024 73.8309708
19.981218 73.7773411
19.9828748 73.8093091
19.9560329 73.830657
19.981218 73.7773411
20.0576693 73.6814854
20.0295571 73.7051077
19.981218 73.7773411
19.9897151 73.7646515
19.9829694 73.7797621
19.9819779 73.7766659
19.981218 73.7773411
19.9908221 73.763469
19.981218 73.7773411
19.9753251 73.7716591
19.981218 73.7773411
19.9823737 73.7775297
19.982817 73.7806121
19.9828423 73.7795394
19.9886972 73.7835654
19.9886916 73.7835705
19.9815423 73.7771222
19.981363 73.7779817
19.9885367 73.7836639
19.9886929 73.7835773
19.9813207 73.777289
19.9821051 73.7773987
19.9847515 73.7784119
19.9831732 73.7785113
19.9847877 73.7788232
19.984699 73.7788244
19.981569 73.7772779
19.9813249 73.7778022
19.9830956 73.7785331
19.9831973 73.7785116
19.9847191 73.7788557
19.9846749 73.7788608
19.9823194 73.7772431
19.9819468 73.776478
19.9754776 73.7558745
19.975637 73.7559349
19.9811 73.7769727
19.9812795 73.7778359
19.9747958 73.7723041
19.9824692 73.7820642
19.9813299 73.7775533
19.9811691 73.7778585
19.978093 73.7741765
19.978093 73.7741765
20.0179038 73.7547185
20.0179038 73.7547185
19.9812829 73.7774478
19.9810664 73.7778283
19.9647925 73.8313136
19.963813 73.8314026
19.9806871 73.77754
19.9811348 73.7778677
19.9828318 73.8095328
19.9826658 73.8091251
19.9561283 73.8304533
19.9554415 73.8301143
19.9808429 73.7773187
19.9810859 73.7777484
20.0580283 73.6815016
20.0580492 73.6818422
20.0294296 73.7050447
20.0294033 73.7051233
19.9810513 73.7777885
19.9813355 73.7775525
19.9898736 73.7647533
19.9905371 73.7648704
19.9828606 73.7806089
19.9829785 73.7802202
19.9820273 73.7766067
19.9810107 73.7778441
19.9902822 73.764927
19.9898729 73.7649835
19.9807302 73.7776465
19.9813989 73.7775128
19.9754457 73.7717652
19.9752732 73.771908
19.9813355 73.7775525
